creating
Setting up walk
0.078170
0.078170
0.078170
0.072927
0.072927
0.072927
0.016729
0.016729
0.016729
0.016747
0.016747
0.016747
0.016749
0.016749
0.016749
0.016731
0.016731
0.016731
0.016796
0.016796
0.016796
0.016832
0.016832
0.016832
0.016711
0.016711
0.016711
0.016727
0.016727
0.016727
0.016806
0.016806
0.016806
0.016837
0.016837
0.016837
0.016747
0.016747
0.016747
0.016732
0.016732
0.016732
0.016727
0.016727
0.016727
0.016727
0.016727
0.016727
0.018033
0.018033
0.018033
0.016853
0.016853
0.016853
0.016779
0.016779
0.016779
0.016707
0.016707
0.016707
0.016751
0.016751
0.016751
0.016745
0.016745
0.016745
0.016737
0.016737
0.016737
0.016748
0.016748
0.016748
0.016792
0.016792
0.016792
0.016762
0.016762
0.016762
0.016748
0.016748
0.016748
0.016823
0.016823
0.016823
0.016743
0.016743
0.016743
0.016758
0.016758
0.016758
0.016749
0.016749
0.016749
0.016757
0.016757
0.016757
0.016732
0.016732
0.016732
0.016753
0.016753
0.016753
0.016725
0.016725
0.016725
0.016728
0.016728
0.016728
0.016731
0.016731
0.016731
0.016732
0.016732
0.016732
0.016732
0.016732
0.016732
0.016761
0.016761
0.016761
0.016746
0.016746
0.016746
0.016764
0.016764
0.016764
0.016729
0.016729
0.016729
0.016728
0.016728
0.016728
0.016760
0.016760
0.016760
0.016731
0.016731
0.016731
0.016780
0.016780
0.016780
0.016729
0.016729
0.016729
0.016728
0.016728
0.016728
0.016734
0.016734
0.016734
0.016730
0.016730
0.016730
0.016765
0.016765
0.016765
0.016727
0.016727
0.016727
0.016729
0.016729
0.016729
0.016727
0.016727
0.016727
0.016730
0.016730
0.016730
0.016730
0.016730
0.016730
0.016729
0.016729
0.016729
0.016751
0.016751
0.016751
0.016728
0.016728
0.016728
0.016753
0.016753
0.016753
0.016730
0.016730
0.016730
0.016759
0.016759
0.016759
0.016760
0.016760
0.016760
0.016730
0.016730
0.016730
0.016730
0.016730
0.016730
0.016744
0.016744
0.016744
0.016730
0.016730
0.016730
0.016737
0.016737
0.016737
0.016731
0.016731
0.016731
0.016759
0.016759
0.016759
0.016731
0.016731
0.016731
0.016735
0.016735
0.016735
0.016733
0.016733
0.016733
0.016742
0.016742
0.016742
0.016750
0.016750
0.016750
0.016753
0.016753
0.016753
0.016738
0.016738
0.016738
0.016730
0.016730
0.016730
0.016770
0.016770
0.016770
0.016770
0.016770
0.016770
0.016747
0.016747
0.016747
0.016812
0.016812
0.016812
0.016762
0.016762
0.016762
0.016771
0.016771
0.016771
0.016769
0.016769
0.016769
0.016773
0.016773
0.016773
0.016740
0.016740
0.016740
0.016789
0.016789
0.016789
0.016742
0.016742
0.016742
0.016784
0.016784
0.016784
0.016743
0.016743
0.016743
0.016757
0.016757
0.016757
0.016745
0.016745
0.016745
0.016746
0.016746
0.016746
0.016747
0.016747
0.016747
0.016765
0.016765
0.016765
0.016788
0.016788
0.016788
0.016763
0.016763
0.016763
0.016776
0.016776
0.016776
0.016744
0.016744
0.016744
0.016762
0.016762
0.016762
0.016736
0.016736
0.016736
0.016761
0.016761
0.016761
0.016729
0.016729
0.016729
0.016763
0.016763
0.016763
0.016754
0.016754
0.016754
0.016764
0.016764
0.016764
0.016768
0.016768
0.016768
0.016797
0.016797
0.016797
0.016755
0.016755
0.016755
0.016794
0.016794
0.016794
0.016976
0.016976
0.016976
0.016679
0.016679
0.016679
0.030480
0.030480
0.030480
0.016762
0.016762
0.016762
0.016727
0.016727
0.016727
0.016725
0.016725
0.016725
0.016780
0.016780
0.016780
0.016727
0.016727
0.016727
0.016775
0.016775
0.016775
0.016775
0.016775
0.016775
0.016755
0.016755
0.016755
0.016733
0.016733
0.016733
0.016758
0.016758
0.016758
0.016781
0.016781
0.016781
0.016727
0.016727
0.016727
0.016761
0.016761
0.016761
0.016731
0.016731
0.016731
0.016766
0.016766
0.016766
0.016731
0.016731
0.016731
0.016730
0.016730
0.016730
0.016733
0.016733
0.016733
0.016738
0.016738
0.016738
0.016733
0.016733
0.016733
0.016774
0.016774
0.016774
0.016746
0.016746
0.016746
0.016775
0.016775
0.016775
0.016757
0.016757
0.016757
0.017095
0.017095
0.017095
0.016967
0.016967
0.016967
0.016758
0.016758
0.016758
0.016744
0.016744
0.016744
0.017813
0.017813
0.017813
0.017140
0.017140
0.017140
0.016793
0.016793
0.016793
0.019095
0.019095
0.019095
0.016736
0.016736
0.016736
0.016735
0.016735
0.016735
0.016733
0.016733
0.016733
0.016729
0.016729
0.016729
0.016734
0.016734
0.016734
0.016781
0.016781
0.016781
0.016733
0.016733
0.016733
0.016732
0.016732
0.016732
0.016730
0.016730
0.016730
0.016730
0.016730
0.016730
0.016730
0.016730
0.016730
0.016776
0.016776
0.016776
0.016740
0.016740
0.016740
0.016776
0.016776
0.016776
0.016764
0.016764
0.016764
0.016735
0.016735
0.016735
0.016734
0.016734
0.016734
0.016728
0.016728
0.016728
0.016751
0.016751
0.016751
0.016755
0.016755
0.016755
0.016730
0.016730
0.016730
0.016767
0.016767
0.016767
0.016736
0.016736
0.016736
0.016734
0.016734
0.016734
0.016744
0.016744
0.016744
0.016731
0.016731
0.016731
0.016736
0.016736
0.016736
0.016769
0.016769
0.016769
0.016775
0.016775
0.016775
0.016730
0.016730
0.016730
0.016753
0.016753
0.016753
0.016766
0.016766
0.016766
0.016729
0.016729
0.016729
0.017499
0.017499
0.017499
0.018362
0.018362
0.018362
0.016767
0.016767
0.016767
0.016828
0.016828
0.016828
0.016802
0.016802
0.016802
0.016758
0.016758
0.016758
0.016784
0.016784
0.016784
0.016771
0.016771
0.016771
0.016759
0.016759
0.016759
0.016759
0.016759
0.016759
0.016732
0.016732
0.016732
0.016737
0.016737
0.016737
0.016736
0.016736
0.016736
0.016778
0.016778
0.016778
0.016776
0.016776
0.016776
0.016735
0.016735
0.016735
0.016737
0.016737
0.016737
0.016740
0.016740
0.016740
0.016755
0.016755
0.016755
0.016733
0.016733
0.016733
0.016734
0.016734
0.016734
0.016733
0.016733
0.016733
0.016735
0.016735
0.016735
0.016751
0.016751
0.016751
0.016732
0.016732
0.016732
0.016755
0.016755
0.016755
0.016736
0.016736
0.016736
0.016777
0.016777
0.016777
0.016735
0.016735
0.016735
0.016737
0.016737
0.016737
0.016733
0.016733
0.016733
0.016742
0.016742
0.016742
0.016736
0.016736
0.016736
0.016738
0.016738
0.016738
0.016776
0.016776
0.016776
0.016743
0.016743
0.016743
0.016734
0.016734
0.016734
0.016766
0.016766
0.016766
0.016735
0.016735
0.016735
0.016733
0.016733
0.016733
0.016722
0.016722
0.016722
0.016735
0.016735
0.016735
0.016735
0.016735
0.016735
0.016736
0.016736
0.016736
0.016772
0.016772
0.016772
0.016732
0.016732
0.016732
0.016763
0.016763
0.016763
0.016784
0.016784
0.016784
0.016772
0.016772
0.016772
0.016736
0.016736
0.016736
0.016737
0.016737
0.016737
0.016732
0.016732
0.016732
0.016735
0.016735
0.016735
0.016758
0.016758
0.016758
0.016742
0.016742
0.016742
0.016777
0.016777
0.016777
0.016779
0.016779
0.016779
0.016737
0.016737
0.016737
0.016736
0.016736
0.016736
0.016759
0.016759
0.016759
0.016732
0.016732
0.016732
0.016737
0.016737
0.016737
0.016732
0.016732
0.016732
0.016740
0.016740
0.016740
0.016732
0.016732
0.016732
0.016735
0.016735
0.016735
0.016734
0.016734
0.016734
0.016739
0.016739
0.016739
0.016778
0.016778
0.016778
0.016740
0.016740
0.016740
0.016735
0.016735
0.016735
0.016807
0.016807
0.016807
0.016742
0.016742
0.016742
0.016740
0.016740
0.016740
0.016749
0.016749
0.016749
0.016788
0.016788
0.016788
0.016715
0.016715
0.016715
0.017063
0.017063
0.017063
0.018353
0.018353
0.018353
0.016767
0.016767
0.016767
0.017314
0.017314
0.017314
0.017054
0.017054
0.017054
0.017080
0.017080
0.017080
0.016751
0.016751
0.016751
0.016731
0.016731
0.016731
0.016731
